-7,19437809064722  -99,9998984858393
83,0114861871169  -99,9879232607726
98,3036505981831  -99,9812509864481
99,922164250129  -99,9442751519123
99,9950908124424  -97,4649195547518
99,9972891062485  -93,8709122100244
99,9985729344183  -30,6718988021239
99,997385125606  58,4555976830682
99,9923328869009  90,328193544563
99,984841234975  97,3900247353083
99,3864535351221  99,4220945981434
97,1953934045487  99,8848225920856
92,5003125297373  99,9173878691706
83,4830383693255  99,9591516330648
73,9648119425237  99,9842352233754
66,564381665813  99,9912817031104
0,727948034521162  99,9976031482209
-16,8779766731327  99,9980627559116
-55,3757383280321  99,9944820068751
-98,5365926281254  99,9546284787145
-99,3287141431722  99,6182680128227
-99,9690114520346  97,584108541526
-99,9867004342315  74,9614031868807
-99,9964564107342  59,3604937937858
-99,9976550228883  -88,8563968189323
-99,9843876808809  -96,5835862777119
-99,8794032260214  -98,7949604162923
-99,313391465374  -99,8794792219435
-99,2529496547081  -99,9238725751284
-91,393205146954  -99,9881478026454
-71,4887711086724  -99,9996158294378
-7,19437809064722  -99,9998984858393
